2024
520 117
846 454
136 646
170 966
255 916
40 600
210 827
87 71
209 189
621 648
753 283
783 813
395 538
705 937
520 46
611 508
698 638
102 444
474 856
729 597
632 127
781 993
433 293
226 916
251 988
216 175
63 421
596 264
680 853
229 361
657 334
66 263
447 185
568 615
519 586
275 326
213 367
31 917
717 740
706 526
690 300
346 276
694 608
661 557
90 291
703 136
219 184
492 2
514 636
120 907
87 97
568 497
827 325
695 771
569 138
321 598
355 419
551 801
828 514
9 148
721 549
294 173
567 378
853 738
381 102
368 485
716 673
610 278
433 714
111 175
12 678
501 858
774 64
694 630
777 239
399 518
798 754
499 405
293 318
237 109
246 712
236 939
683 227
16 862
220 475
839 175
794 175
595 454
321 380
779 264
63 505
111 970
73 659
444 990
300 632
365 175
346 426
584 486
576 891
138 867
298 968
365 44
591 272
787 762
287 537
413 631
745 458
155 240
808 239
877 714
835 777
66 424
330 825
393 163
820 228
338 339
95 984
498 275
603 434
170 180
883 929
738 284
311 75
265 479
408 893
173 784
457 231
313 367
474 316
360 37
555 423
318 541
475 335
582 191
159 955
876 333
652 777
430 201
857 950
697 869
94 850
532 235
255 897
893 143
284 332
20 996
650 685
396 371
724 260
372 740
4 749
259 271
62 925
872 383
223 109
33 217
408 359
73 523
444 706
816 710
790 729
127 757
100 51
21 144
348 822
351 890
716 560
286 67
299 43
888 658
362 596
387 752
227 897
248 136
355 609
331 60
142 590
859 660
124 380
63 604
784 311
240 442
693 953
167 621
883 425
121 879
454 488
486 929
847 565
131 979
55 590
889 200
216 23
828 669
565 158
210 320
494 439
763 412
462 520
129 58
652 391
332 124
510 879
888 432
687 488
517 788
531 249
687 370
724 559
360 575
294 295
89 484
457 545
893 50
477 878
520 327
376 86
817 95
61 495
379 962
497 18
133 922
899 416
740 232
884 555
104 792
2 327
344 915
882 391
509 25
405 469
818 602
143 879
295 318
458 283
69 454
349 928
326 763
789 945
383 471
356 794
446 561
708 14
346 257
309 568
624 434
649 558
127 84
265 766
505 348
685 415
287 63
41 224
469 522
72 317
285 601
819 685
294 147
756 939
394 775
694 488
772 399
638 837
770 994
192 766
314 561
152 889
89 566
894 129
167 630
31 35
334 557
172 257
768 39
619 517
100 566
523 390
720 266
721 424
202 387
679 325
619 960
82 528
762 971
452 295
833 548
81 27
44 902
447 368
431 552
789 980
315 346
708 938
646 606
369 460
894 532
627 910
34 973
639 981
613 711
792 596
422 360
554 448
847 622
297 302
58 28
382 390
214 59
179 419
869 216
190 511
855 930
646 818
503 253
207 519
178 40
707 135
808 972
720 76
518 131
397 763
158 30
646 232
79 471
198 747
818 915
498 768
10 508
576 967
293 476
785 442
206 636
423 237
592 321
363 917
546 463
652 288
261 948
646 415
43 977
45 661
558 153
456 850
604 12
387 705
196 744
208 471
391 8
386 654
89 364
497 599
834 483
288 429
216 400
179 77
448 797
436 125
878 998
326 397
824 418
269 397
829 188
827 753
733 484
366 361
654 286
360 177
233 75
866 372
512 822
461 375
764 771
506 925
285 948
519 75
369 326
636 442
31 157
335 264
269 423
757 758
460 895
13 329
99 952
255 723
742 882
743 97
585 369
109 678
211 124
256 776
359 159
725 657
277 429
128 799
356 803
194 75
201 624
347 759
331 253
366 714
149 869
881 252
835 84
531 219
525 73
884 818
553 565
310 488
857 609
542 783
677 31
8 359
312 334
68 797
633 936
724 601
679 898
883 875
758 433
86 214
113 963
85 940
827 622
779 804
81 722
631 862
43 537
83 885
827 307
419 597
651 991
580 669
15 309
58 429
621 359
100 950
383 595
54 512
280 29
144 900
803 822
181 910
80 177
709 559
531 651
365 337
643 430
213 24
658 67
158 796
223 232
45 941
867 986
217 922
735 308
550 97
180 785
395 825
154 631
413 304
417 702
287 223
807 288
35 597
348 562
843 89
784 844
294 127
336 986
827 390
853 210
763 337
810 516
602 529
243 605
734 270
812 618
402 282
246 627
362 748
27 809
215 441
52 14
359 668
669 665
357 755
405 109
268 392
312 140
61 370
851 830
57 235
160 782
47 569
612 735
653 257
282 448
84 614
791 384
780 755
475 118
806 684
899 804
790 855
624 611
658 522
620 63
765 998
736 404
780 165
661 724
182 131
316 345
702 593
402 822
614 2
298 666
504 670
52 121
861 148
414 107
295 181
606 281
293 387
145 917
399 970
82 730
63 602
461 389
138 189
807 223
842 246
198 858
93 829
419 507
354 115
781 828
398 970
187 893
879 451
403 381
410 716
792 116
415 930
470 496
480 236
144 303
780 150
555 264
456 502
181 638
850 24
629 803
434 540
478 328
399 268
660 677
448 757
829 868
592 195
826 404
551 394
392 8
55 604
183 79
292 256
738 613
776 371
713 286
878 559
601 43
50 737
295 916
884 72
463 399
478 305
129 480
499 550
241 302
535 921
16 126
119 682
15 957
669 675
896 154
738 729
426 117
350 785
401 832
896 864
173 144
766 790
313 114
83 814
609 981
894 839
321 50
696 198
866 420
297 83
866 307
347 172
31 656
152 365
599 583
306 764
781 366
796 12
530 719
700 321
151 65
252 921
382 923
595 44
465 374
144 761
51 475
457 832
426 393
324 249
648 153
443 623
220 353
217 148
662 139
78 630
27 792
239 359
706 42
615 888
16 221
328 308
583 211
357 887
537 680
564 41
809 550
176 324
763 814
202 408
12 634
145 730
343 35
416 561
634 726
85 820
440 983
291 541
732 491
344 733
529 300
295 764
93 809
194 368
491 889
662 224
809 99
284 228
609 883
564 370
823 325
151 958
301 711
503 904
892 317
57 393
287 458
59 673
214 388
799 286
120 939
21 54
709 844
887 960
678 458
593 447
765 406
586 844
264 479
847 270
382 518
548 913
713 385
440 640
826 171
244 31
891 950
833 378
698 14
564 587
117 702
142 281
767 169
100 443
437 187
346 730
239 946
99 768
39 937
623 170
600 268
80 981
72 135
478 504
870 571
865 794
725 182
370 186
563 431
705 747
241 758
536 206
334 679
23 455
530 593
239 785
237 11
395 343
447 930
155 566
564 105
664 492
18 692
458 300
520 44
562 974
336 543
388 642
461 619
439 897
164 461
624 838
356 958
709 944
332 199
697 119
429 632
245 216
346 849
615 187
517 75
642 963
696 515
487 808
235 893
313 442
51 670
365 905
10 696
157 840
861 625
57 746
848 393
133 725
275 499
280 834
173 820
446 584
19 874
649 698
2 256
428 663
520 775
745 987
774 232
499 508
5 524
813 255
823 51
470 406
101 307
510 257
416 203
800 126
134 646
820 933
23 283
282 957
536 759
792 510
142 399
725 253
755 30
865 278
887 497
426 69
649 567
690 92
518 170
750 906
788 278
762 358
791 577
112 947
174 227
656 124
739 57
745 404
18 506
444 870
594 645
492 549
659 199
429 803
253 90
77 866
768 844
865 241
829 765
574 483
751 408
707 505
116 90
801 515
438 739
4 118
626 437
595 907
204 144
859 480
839 961
877 973
373 447
251 877
778 702
548 634
692 759
637 755
147 405
251 566
376 741
219 923
281 438
768 228
781 571
50 435
311 5
675 618
23 808
155 187
703 862
638 702
160 761
177 401
827 137
589 159
826 150
499 823
795 236
389 623
409 873
474 9
128 666
523 418
572 79
142 914
497 152
884 607
334 719
268 991
178 45
718 126
297 25
71 371
222 247
743 825
734 669
645 361
180 18
97 214
699 431
405 629
777 95
533 297
628 363
680 703
858 313
186 918
833 854
180 552
441 111
659 597
327 401
102 483
277 554
799 274
507 467
859 328
685 846
470 746
170 50
817 738
232 948
451 217
596 951
315 372
59 493
873 123
580 538
497 786
548 198
49 87
623 609
744 827
89 982
204 752
317 360
395 720
298 187
696 524
475 851
273 463
699 484
658 14
619 772
823 911
367 894
97 172
492 307
732 175
483 506
566 137
752 898
68 104
185 886
345 371
86 917
883 483
623 398
110 504
587 623
879 720
14 417
824 869
799 36
9 638
85 246
608 948
690 297
397 362
738 331
325 711
61 135
1 913
211 376
741 56
751 833
11 702
493 759
426 346
145 295
588 312
134 53
117 261
858 210
591 795
337 827
503 723
76 316
606 462
163 381
798 552
10 170
75 971
255 944
126 994
447 409
116 519
795 204
295 370
218 319
167 932
470 512
765 13
12 499
96 62
111 205
253 905
486 28
50 864
546 619
583 30
769 526
150 201
667 404
473 600
546 329
169 723
70 543
831 206
683 945
2 468
411 263
898 649
823 224
347 145
861 253
360 295
882 622
892 328
65 580
314 698
457 971
871 543
682 503
129 558
636 741
681 66
840 793
449 146
190 801
203 203
213 542
871 655
587 895
650 295
31 283
490 639
482 3
474 992
178 203
623 149
428 198
105 59
511 263
58 579
887 229
382 651
631 9
131 204
611 572
70 522
533 91
115 618
374 401
100 499
160 475
110 683
151 255
285 481
341 561
582 760
28 400
562 528
377 200
489 456
409 699
15 55
64 407
618 459
723 973
189 512
446 378
592 888
15 271
442 990
399 802
826 524
558 232
554 898
144 486
628 553
856 951
670 761
137 259
655 611
533 351
415 109
92 595
712 121
169 436
828 268
852 727
603 331
459 668
793 448
140 263
145 863
749 831
463 536
696 898
611 745
542 589
581 989
366 237
529 756
166 160
430 421
614 301
61 466
216 478
541 891
895 552
862 377
124 459
426 701
614 205
484 759
802 568
306 82
71 37
836 801
303 480
345 783
406 314
262 840
748 653
179 168
474 401
434 510
529 587
327 400
77 78
516 777
896 593
736 534
128 352
741 684
190 59
406 111
595 380
310 389
710 412
716 840
767 480
134 906
535 788
154 1
308 247
156 346
440 196
42 923
882 768
84 260
770 183
262 185
252 740
811 672
363 398
590 297
483 685
262 31
851 463
431 900
742 264
87 40
158 532
124 52
616 892
30 806
3 164
189 414
882 259
322 276
308 879
261 353
357 538
645 376
102 235
691 918
551 307
515 56
710 782
1 943
320 360
459 229
283 539
97 31
717 227
203 209
368 749
409 643
552 584
630 457
138 153
503 498
530 978
271 616
183 951
619 650
223 429
593 655
620 869
612 891
16 558
351 309
83 525
45 36
648 797
394 617
633 93
154 709
90 505
316 569
782 271
360 49
474 383
662 640
455 344
783 79
351 793
186 633
323 752
606 815
865 970
536 622
797 154
467 249
580 340
326 388
739 795
611 39
239 332
736 563
653 972
597 700
334 498
450 470
685 196
554 497
34 527
280 664
453 260
280 235
662 961
715 769
117 607
195 546
623 209
496 827
401 793
352 886
786 662
15 128
391 650
464 819
818 514
485 358
848 760
858 13
530 870
703 438
490 211
761 124
851 772
857 263
714 866
74 996
871 899
872 743
491 336
454 146
398 1
816 748
66 630
491 950
702 397
155 741
675 537
583 546
67 6
459 723
432 481
817 412
167 51
539 77
446 891
458 464
191 283
777 499
403 67
794 645
217 491
753 450
102 941
358 814
250 518
657 888
224 548
664 739
774 782
367 912
556 190
230 788
136 84
789 104
91 98
409 714
147 530
197 764
29 5
104 354
288 144
353 61
68 604
615 413
529 381
112 660
340 920
862 756
583 749
211 676
675 970
404 5
86 119
521 307
36 733
870 417
18 542
444 370
288 412
500 488
380 166
581 557
246 4
256 633
228 51
714 561
538 960
266 585
847 684
586 124
632 756
329 79
183 195
182 572
23 757
770 646
109 275
486 463
347 182
352 905
379 584
795 124
383 565
110 150
872 477
571 90
555 331
375 441
456 414
817 643
328 453
706 997
724 871
174 64
29 823
210 688
870 370
184 357
630 710
584 20
630 577
276 701
58 737
335 828
334 729
243 790
402 137
708 671
852 549
508 269
321 321
9 319
369 855
427 275
335 946
850 737
415 285
142 483
323 681
655 992
44 702
871 441
57 868
406 627
346 720
793 14
667 293
465 960
254 912
301 321
470 646
694 875
443 929
720 781
266 693
701 910
132 716
541 648
31 536
553 446
590 226
535 857
537 982
309 603
738 236
309 161
643 10
439 627
754 662
693 568
410 129
281 980
569 579
216 94
287 851
230 734
190 931
288 188
424 59
698 459
62 747
74 86
179 661
625 412
722 62
469 444
718 767
505 432
565 526
382 679
814 752
136 327
368 326
719 15
848 14
221 567
477 194
45 615
228 50
309 674
132 131
475 230
873 18
229 313
330 416
150 336
329 598
604 878
686 126
217 572
63 765
788 591
283 746
692 87
172 651
293 485
304 496
570 974
584 308
822 701
123 731
760 616
768 978
481 672
625 69
203 322
629 458
129 818
578 1
28 670
503 763
387 938
679 610
635 150
581 695
281 897
708 580
373 499
501 104
854 615
484 722
227 148
546 260
9 764
709 979
671 954
753 311
534 554
431 150
879 454
227 658
325 626
694 99
579 390
311 12
519 839
296 874
847 961
633 562
710 366
528 927
267 759
77 644
399 877
545 20
230 610
895 105
109 840
499 644
293 917
516 764
105 503
417 343
168 298
342 384
441 786
27 517
302 324
449 338
275 278
841 345
644 967
705 365
897 715
770 401
246 536
653 647
869 587
223 565
401 516
236 970
237 16
16 43
166 116
769 190
271 948
561 81
409 96
683 593
890 851
588 777
601 124
290 574
287 900
622 7
92 604
412 588
458 66
232 428
887 625
866 824
535 510
169 601
124 794
491 572
311 875
841 9
553 585
11 80
463 673
643 759
815 571
593 928
287 576
732 818
319 370
194 892
132 608
764 712
722 688
406 905
4 38
760 550
706 650
838 928
122 563
41 535
658 252
620 912
838 10
505 385
334 892
126 268
148 712
263 640
861 821
240 824
542 615
391 889
605 671
897 705
325 55
197 477
737 107
769 282
839 854
566 324
533 358
759 649
899 916
4 637
26 469
327 786
425 108
507 134
712 829
368 623
643 452
115 949
704 421
535 6
855 625
143 856
37 159
331 563
134 341
254 781
14 528
223 71
171 641
810 217
608 127
629 118
285 90
426 940
229 106
433 876
368 461
399 229
504 711
888 356
813 530
209 773
166 123
9 582
27 367
423 98
613 394
795 254
73 523
778 267
395 896
512 311
387 922
126 514
105 258
503 604
228 254
688 144
831 999
601 252
366 662
95 959
658 885
414 714
63 935
61 169
233 753
43 955
249 401
234 206
40 862
784 107
790 707
227 843
399 531
522 37
391 326
493 811
514 278
640 614
33 135
275 510
278 860
122 875
414 907
651 626
537 819
359 88
547 710
694 650
66 117
836 117
515 386
223 488
61 677
271 689
389 951
551 582
2 429
168 366
663 682
547 122
138 45
670 198
60 705
189 565
370 778
125 696
291 92
505 646
814 613
112 102
858 844
340 498
201 296
529 344
7 987
404 65
232 479
405 709
424 964
819 418
69 364
98 608
886 320
91 971
215 39
11 638
893 94
628 201
790 319
772 952
782 713
37 650
204 490
255 323
349 982
338 61
640 546
384 107
3 771
847 773
223 333
24 711
76 9
118 253
218 185
494 560
642 772
76 700
490 668
359 364
381 78
507 570
787 623
548 473
60 373
685 383
24 700
551 956
101 122
35 445
549 803
311 961
384 503
484 461
335 632
256 779
885 196
713 849
852 917
862 12
9 73
315 961
533 370
493 836
4 388
38 393
582 511
778 772
803 468
153 603
120 22
233 945
648 906
483 26
882 179
547 655
13 250
93 691
390 795
401 238
432 791
109 336
531 267
861 237
843 657
183 622
834 703
785 462
789 6
657 52
760 576
426 958
678 904
291 182
51 656
132 474
774 938
549 539
42 457
456 423
662 84
21 241
514 969
642 951
355 909
597 106
795 310
861 102
719 462
111 466
711 257
880 480
323 661
188 94
83 691
880 824
140 186
824 606
408 536
359 664
98 665
301 189
816 604
439 491
690 375
468 204
479 926
855 819
613 818
283 912
651 5
379 560
593 827
76 887
884 546
205 476
721 943
181 728
583 903
660 357
557 517
219 478
92 617
499 478
795 690
216 937
862 658
329 371
52 895
792 283
348 764
887 884
629 836
787 379
773 883
262 355
820 190
430 198
214 711
779 68
644 985
587 933
662 139
25 625
678 704
604 12
824 983
34 215
875 267
881 17
597 240
397 765
402 719
507 298
629 811
578 425
873 435
27 289
416 154
678 519
852 593
877 322
664 21
389 815
216 176
356 345
183 497
358 895
648 658
273 536
58 345
112 214
800 198
92 420
420 840
741 667
391 725
697 484
40 915
138 862
643 136
233 889
489 603
546 474
833 980
274 496
435 368
122 719
185 854
462 767
896 558
91 515
319 88
769 794
353 737
374 953
677 941
149 805
195 729
897 58
452 88
481 786
116 360
568 653
406 12
642 196
785 292
208 730
803 896
640 374
733 974
732 315
457 410
872 668
609 874
165 28
524 606
599 642
799 224
450 953
361 504
862 194
659 255
622 806
28 987
358 969
820 346
658 595
746 789
702 481
764 262
141 188
400 187
747 122
292 289
868 581
879 787
372 478
305 279
580 460
399 426
21 752
498 793
836 268
639 148
646 72
610 339
222 970
56 904
377 508
331 709
73 524
220 145
360 388
151 626
750 235
858 300
232 119
164 682
860 832
846 779
53 493
836 378
552 31
678 262
654 909
781 464
121 992
60 881
226 889
333 981
123 700
655 321
833 490
143 605
260 616
317 5
484 621
843 78
181 50
796 784
191 661
225 158
311 825
898 731
3 572
422 456
730 848
880 831
282 513
688 777
485 564
205 369
42 361
367 360
391 932
59 622
301 722
587 419
646 85
265 52
542 649
317 584
3 98
146 591
865 458
272 641
316 55