100 1234
64 97
89 93
89 22
64 77
72 98
66 59
33 87
87 12
11 46
22 33
44 42
80 81
28 64
20 41
54 77
44 86
52 16
46 20
57 15
54 18
98 35
60 94
16 35
45 65
31 24
29 70
48 33
66 43
23 12
40 37
51 66
57 37
63 93
93 22
10 75
78 67
90 81
77 81
10 59
20 13
43 69
29 60
83 60
85 40
77 51
72 97
30 71
41 31
73 72
58 15
13 33
12 24
13 50
77 57
28 12
70 19
92 52
47 76
80 80
17 48
48 26
70 66
52 70
60 48
79 47
50 75
74 68
95 57
41 93
60 57
17 91
89 68
55 12
37 20
26 58
29 47
68 57
64 65
42 30
31 64
36 93
54 96
54 75
81 33
99 80
49 93
42 32
93 20
21 64
80 40
26 88
71 80
45 34
88 28
48 83
79 36
99 90
76 36
21 22
85 95