2024
234 243
274 397
676 352
620 47
314 100
321 228
488 393
185 98
654 396
652 219
537 343
181 286
501 84
11 392
514 101
691 371
191 115
57 379
521 228
206 394
413 378
613 291
311 236
418 79
112 137
291 251
385 170
373 343
356 68
251 138
357 12
366 170
226 13
265 175
197 174
91 322
45 35
206 234
51 19
242 379
202 30
262 294
78 265
218 368
270 193
568 51
669 163
31 257
681 346
617 39
182 122
445 199
168 216
367 356
367 44
323 343
125 172
661 250
71 60
236 40
451 120
121 150
463 333
396 8
225 201
362 118
373 207
572 158
596 345
323 393
276 64
548 175
28 89
586 157
230 341
614 146
489 187
304 41
519 302
522 358
45 389
543 145
610 265
398 247
339 24
399 170
666 85
107 393
655 380
230 96
542 94
400 42
568 155
200 68
79 249
347 13
269 50
333 96
70 133
379 176
670 327
277 302
703 313
39 133
292 273
287 33
68 258
149 295
596 266
346 16
684 307
698 333
51 98
274 131
137 100
365 122
660 109
36 293
25 7
606 340
358 22
90 127
424 272
675 239
121 36
193 306
326 60
568 402
449 76
80 204
304 6
484 222
502 99
596 36
655 125
673 178
681 5
344 373
289 227
447 369
595 206
32 254
694 43
626 62
678 101
302 155
6 243
255 282
643 402
307 211
281 29
172 271
203 130
583 158
556 68
650 247
315 298
553 360
540 243
317 121
632 218
238 363
641 305
514 68
109 154
15 41
288 381
604 160
128 130
649 54
581 385
289 346
11 258
576 14
216 99
237 400
371 251
196 48
647 238
452 312
193 361
537 234
694 97
256 248
243 365
617 226
177 379
218 206
478 8
373 194
190 51
29 136
549 195
12 317
170 338
574 61
682 212
461 391
236 341
388 4
501 73
171 77
329 144
599 80
327 96
530 320
178 339
213 129
590 377
447 368
339 303
80 322
219 267
444 149
391 132
609 309
51 164
450 147
42 231
197 332
331 51
20 150
95 259
359 342
597 48
479 337
300 134
545 321
52 267
56 384
42 238
363 359
477 379
196 19
535 90
157 395
286 72
580 81
503 154
570 5
225 333
625 200
462 330
224 294
455 78
665 265
116 81
499 216
292 334
474 309
345 122
397 265
157 41
683 246
680 121
173 357
338 190
401 119
204 147
531 295
26 140
112 394
341 131
387 301
612 322
479 79
667 332
587 348
588 261
593 273
550 157
593 8
123 398
693 148
695 187
91 290
413 74
133 19
392 263
544 6
626 12
247 125
187 376
404 220
292 315
104 24
323 63
297 125
507 315
73 30
591 108
244 307
533 273
592 119
61 152
12 179
283 99
210 335
246 260
670 316
59 63
467 302
156 189
212 94
42 374
50 346
151 166
682 341
83 62
270 70
482 125
630 140
318 356
245 334
460 143
115 287
149 39
615 200
320 38
212 114
497 39
350 67
22 22
488 101
667 386
183 82
365 11
495 168
45 282
371 138
222 34
17 200
15 154
241 247
250 64
280 295
658 93
56 252
607 86
591 59
204 74
180 304
294 87
504 357
427 52
471 101
437 195
345 183
233 98
45 365
448 122
658 166
261 151
131 299
688 20
360 349
443 125
333 229
267 238
76 217
143 118
321 315
115 239
119 329
150 284
343 313
667 370
556 217
247 254
196 48
561 238
34 274
680 267
329 134
403 46
392 369
220 309
175 63
309 132
290 47
573 56
193 89
519 317
586 401
671 19
272 273
110 106
49 49
99 7
169 286
232 145
625 201
179 281
344 266
7 289
504 306
381 230
196 229
70 174
581 190
441 289
433 390
391 91
401 249
324 273
606 193
19 271
569 163
667 263
55 185
578 278
238 44
274 251
118 111
479 252
39 263
284 383
369 7
650 11
665 270
518 126
612 250
671 263
466 20
484 17
329 19
373 319
35 358
148 190
314 199
478 65
30 220
126 50
166 264
79 336
508 18
354 248
166 392
501 309
478 250
338 274
62 305
124 282
526 265
235 345
137 348
670 376
677 320
58 111
581 346
698 190
131 62
539 202
90 245
650 301
687 347
45 297
643 123
510 41
253 90
237 391
650 352
635 256
624 239
152 116
56 225
533 44
436 336
280 224
122 219
276 82
480 319
374 225
196 38
229 18
216 125
6 328
262 45
425 269
447 365
560 92
587 12
350 273
510 392
348 329
139 317
497 393
395 235
505 122
648 255
23 90
636 227
174 234
404 45
380 238
642 301
105 391
372 156
336 254
312 142
623 9
500 282
702 282
102 82
656 78
406 370
304 334
343 15
570 162
639 265
699 332
311 166
568 343
377 347
92 365
338 361
96 128
55 92
145 246
677 7
153 361
455 167
477 279
98 273
659 243
227 254
555 125
406 390
134 303
123 265
565 36
216 242
193 282
232 18
291 84
233 25
145 217
608 68
319 354
581 199
248 235
582 252
210 241
312 268
34 106
416 25
19 147
196 139
667 191
504 66
622 394
471 261
633 363
209 335
165 244
213 206
434 320
634 285
298 207
206 10
695 107
446 283
418 131
447 172
208 252
41 136
485 181
486 160
203 201
138 219
467 79
42 369
468 210
323 322
613 349
98 138
616 195
76 337
5 73
189 23
286 188
85 313
209 147
335 225
318 351
107 111
395 296
425 329
198 190
347 318
453 297
450 41
370 80
349 70
104 308
129 89
266 100
259 23
241 146
438 226
406 266
309 387
634 280
240 239
421 374
488 18
542 383
327 270
85 352
353 56
59 224
112 183
366 164
331 380
103 384
521 47
152 371
210 319
331 122
297 169
262 402
496 156
241 238
31 390
313 376
186 257
473 110
431 378
100 133
210 40
388 172
230 334
191 122
371 12
230 109
456 350
51 42
609 106
338 245
564 133
15 144
6 25
54 205
685 117
531 287
286 43
67 118
273 101
436 246
99 362
581 282
56 80
542 84
419 329
422 191
668 239
588 124
449 201
250 153
393 299
7 332
310 371
665 332
222 72
443 352
411 256
9 287
109 18
31 349
699 178
32 12
235 269
358 12
114 215
699 196
307 395
181 202
256 147
515 229
626 237
18 123
450 267
137 215
492 389
648 135
14 192
218 396
27 44
168 327
8 86
202 380
399 236
418 105
498 79
420 22
556 51
431 218
206 209
693 64
576 232
221 112
206 152
665 136
390 397
590 21
52 221
554 203
563 66
337 377
68 266
512 27
571 280
152 75
147 184
565 81
520 199
413 380
633 274
388 320
358 133
516 65
138 218
620 211
442 196
148 133
491 248
174 12
195 209
512 5
628 134
157 215
491 258
596 66
624 18
87 194
116 13
664 212
113 113
329 305
468 200
401 209
556 150
301 394
443 231
299 297
561 239
71 366
317 288
229 171
607 379
154 101
22 115
75 340
409 380
90 336
124 315
498 22
229 339
590 246
64 358
38 71
57 369
75 237
533 235
401 274
5 94
36 188
17 32
141 253
457 235
510 208
210 194
608 114
235 170
600 340
271 263
146 116
578 84
136 132
110 159
15 182
228 286
359 4
657 319
137 281
614 280
132 174
664 152
282 354
127 187
91 198
353 86
681 401
63 81
165 156
120 381
139 275
371 371
631 196
494 248
288 183
66 259
493 291
116 269
361 188
554 75
252 297
136 326
638 75
257 245
363 315
75 139
80 115
370 52
141 266
11 402
545 392
322 251
285 67
352 190
16 287
125 55
207 213
590 353
308 57
338 254
90 369
631 334
10 133
557 18
643 168
55 82
665 20
324 129
237 310
458 323
66 151
27 287
593 24
681 296
148 347
495 74
222 277
440 182
254 243
624 302
343 305
249 296
662 252
109 50
585 233
579 389
527 103
23 175
593 210
522 399
592 272
441 106
266 351
85 261
434 234
659 175
275 183
583 74
357 204
385 264
365 296
166 126
353 95
272 7
379 53
146 22
234 282
651 46
630 204
598 215
149 369
23 394
104 309
519 6
77 15
159 258
487 165
75 34
405 106
376 61
680 87
120 285
271 157
66 324
356 151
389 251
39 92
42 359
396 243
500 394
406 51
151 310
51 353
212 325
315 91
333 205
246 94
401 227
54 350
395 262
441 258
332 191
465 219
700 107
351 94
274 311
336 7
435 285
198 130
318 331
390 180
201 346
122 213
613 148
145 46
166 371
161 93
518 120
31 195
199 213
426 373
292 37
682 302
87 238
89 112
223 343
496 282
431 31
520 279
384 362
298 400
230 51
659 225
262 387
642 41
374 343
52 346
59 369
498 383
421 12
400 21
209 167
387 181
306 93
449 85
575 399
437 249
352 188
573 175
196 357
521 55
579 402
5 178
479 20
660 274
267 41
267 78
389 25
75 338
478 7
437 318
654 302
208 103
523 311
581 216
87 8
154 12
394 134
221 34
27 212
541 273
693 346
600 56
270 300
606 92
154 336
86 372
452 29
550 400
265 87
80 371
324 330
534 161
409 121
394 83
233 86
293 8
370 190
67 280
506 43
295 304
609 182
154 292
62 347
558 57
636 320
596 68
513 130
452 281
660 333
693 194
25 144
136 280
122 372
253 177
272 15
252 117
636 136
392 273
470 196
620 361
298 356
274 232
98 78
265 27
93 183
6 90
602 54
541 369
386 231
674 25
678 193
166 397
568 229
306 12
566 22
591 383
151 229
172 342
539 306
225 326
510 370
131 192
119 246
219 231
598 295
180 152
653 119
65 240
602 179
492 107
120 289
222 116
537 112
426 179
420 265
136 88
85 83
188 276
231 67
572 149
166 232
701 191
617 247
486 214
658 146
520 308
490 324
298 380
271 115
228 25
256 66
311 295
458 399
554 318
157 25
459 32
377 249
449 373
484 247
35 267
76 276
433 119
328 320
633 25
233 90
644 113
484 83
174 309
89 187
495 195
81 343
561 164
395 140
19 384
428 153
179 223
10 6
646 141
220 32
234 271
135 78
231 29
62 109
98 16
457 150
7 386
377 311
53 259
564 141
652 210
372 60
287 131
171 361
651 280
57 28
286 21
85 156
200 7
494 197
270 378
645 36
431 322
196 228
461 155
57 24
123 336
691 80
574 217
156 307
227 393
179 142
559 152
333 294
485 138
493 66
510 87
406 227
426 186
538 260
325 18
115 103
688 4
533 389
26 186
129 197
581 138
146 222
375 66
656 199
601 310
175 247
367 158
589 48
81 260
225 338
533 139
537 229
186 101
27 276
149 267
226 323
682 74
140 180
346 195
446 16
458 165
104 188
679 234
257 359
471 331
96 304
470 286
306 342
150 371
259 395
77 216
365 118
573 311
259 241
642 44
635 181
334 97
596 398
357 136
16 114
348 37
126 18
643 106
288 25
133 158
415 163
149 17
438 401
70 15
439 395
540 98
367 119
455 247
44 4
301 309
610 301
149 313
209 349
330 218
621 343
504 7
551 212
345 227
119 384
60 47
450 197
271 365
498 392
376 164
171 391
352 276
387 251
173 53
246 334
270 172
612 157
8 164
392 387
281 384
622 315
423 374
237 363
128 83
630 5
471 145
267 266
75 87
102 183
219 245
501 374
669 341
323 262
558 377
618 199
256 401
507 383
95 15
552 78
403 115
503 346
529 139
414 342
73 166
400 402
118 284
544 183
63 328
659 245
433 198
622 370
646 316
213 114
671 87
397 234
668 248
257 99
283 46
610 153
57 167
477 257
516 67
649 88
374 110
210 281
211 176
59 40
413 344
154 24
194 62
535 45
220 101
343 331
370 367
606 390
247 218
204 84
608 37
56 131
283 241
419 334
584 315
428 308
82 230
523 169
577 61
336 381
5 315
485 154
587 159
72 316
418 375
544 155
572 292
106 119
378 253
245 209
624 20
267 93
243 289
175 342
96 208
233 135
80 261
190 262
401 375
166 301
67 22
507 87
279 134
50 72
100 402
272 46
556 196
218 123
172 270
287 229
555 378
50 256
227 83
419 244
457 173
227 334
598 64
116 130
139 13
116 124
184 174
611 326
297 251
143 93
350 142
424 400
462 349
314 111
649 53
436 77
201 161
385 166
259 337
146 328
169 130
178 75
387 377
204 123
135 295
267 11
454 106
34 317
454 398
350 181
491 71
427 123
506 298
605 160
515 256
460 312
58 191
218 135
24 151
486 392
220 289
209 399
244 185
619 82
416 7
526 310
102 362
23 39
268 98
69 98
629 6
445 52
226 51
481 32
399 207
68 186
117 294
203 144
244 231
683 33
517 205
6 357
258 29
482 215
508 321
596 72
561 353
162 56
253 267
174 7
356 337
139 190
292 375
236 246
445 323
83 49
89 276
225 145
672 199
660 37
268 135
511 289
506 239
237 372
91 348
609 13
394 9
550 280
374 297
214 19
35 366
662 347
677 6
274 359
698 128
254 323
546 5
600 72
655 131
572 289
168 106
50 220
374 263
147 374
191 78
48 92
465 91
632 86
533 278
643 52
451 48
503 35
615 247
428 5
396 224
149 382
497 251
434 261
242 222
18 376
302 334
98 256
455 205
193 60
479 233
92 37
659 66
246 122
223 283
622 387
322 140
107 18
339 247
564 381
535 131
79 330
599 338
643 370
206 143
108 154
397 358
351 143
103 118
646 372
104 83
416 235
496 275
498 149
469 159
476 144
117 14
473 119
304 62
571 304
428 216
416 392
556 246
18 15
526 365
296 114
322 219
362 273
176 254
288 170
211 204
298 372
287 219
341 264
324 376
616 342
410 362
238 40
202 39
495 57
71 46
645 63
104 315
62 344
442 80
512 363
572 101
521 256
57 324
366 327
643 8
119 332
140 145
153 295
452 129
219 241
544 74
125 25
532 248
523 355
528 276
60 152
321 169
497 248
702 331
673 358
49 333
268 339
281 254
434 401
695 13
431 254
236 90
194 244
195 145
489 374
347 400
507 194
529 78
389 365
153 320
301 147
240 179
158 289
440 10
16 90
100 88
24 193
485 13
269 306
151 233
107 237
680 331
244 42
113 303
616 339
446 347
84 121
151 177
119 124
31 152
242 327
217 203
692 123
257 285
163 82
92 343
587 90
18 26
241 381
290 118
651 265
272 94
129 398
59 306
485 246
202 354
56 374
443 108
383 120
425 30
533 333
353 358
517 246
72 218
42 44
123 48
585 302
672 70
325 35
443 100
641 27
261 311
470 77
295 155
548 25
101 142
332 213
73 62
250 32
266 169
116 144
278 272
344 174
145 110
620 326
500 392
591 198
276 99
185 322
18 48
372 344
305 247
670 159
435 337
55 286
190 214
19 337
581 68
473 69
577 227
489 356
687 370
259 108
400 215
52 236
670 190
446 148
125 46
172 152
639 123
294 364
113 18
59 171
444 118
38 186
169 359
588 350
347 170
102 268
64 87
538 33
463 338
326 368
115 363
571 308
87 356
208 333
473 19
74 228
539 152
39 392
87 173
146 119
83 131
669 53
351 219
324 365
603 152
441 54
295 255
161 237
54 77
614 327
371 384
216 82
341 107
82 169
690 110
275 16
700 93
690 352
671 39
329 377
232 340
189 365
496 150
516 84
5 175
592 242
309 258
247 294
141 166
307 157
579 237
657 330
321 49
468 219
240 154
389 300
702 64
282 379
186 355
471 383
133 245
14 189
63 9
685 167
173 266
603 266
176 200
675 193
426 191
669 222
15 48
393 155
435 136
42 335
126 205
483 60
50 32
513 390
536 381
265 290
93 247
253 68
327 172
637 321
600 316
654 292
671 329
101 251
230 220
108 287
547 357
95 78
539 279
402 386
170 151
215 44
196 149
383 247
287 298
464 26
627 171
144 175
515 183
642 238
138 283
698 104
173 149
222 239
48 386
455 329
542 116
337 47
284 262
30 104
180 306
133 401
682 402
436 279
371 274
660 104
323 93
196 265
253 94
689 36
375 53
666 237
243 351
130 55
357 231
162 353
107 395
105 385
612 111
309 31
89 190
427 276
367 67
227 368
271 281
238 48
558 327
337 388
382 111
107 16
108 50
269 273
508 44
113 353
381 299
29 216
642 247
523 120
413 76
72 75
54 376
548 146
447 13
616 330
481 222
135 116
298 165
289 305
678 206
287 18
426 68
484 387
543 137
360 391
274 94
499 256
19 223
200 287
94 313
559 70
227 92
396 378
322 175
338 156
591 64
285 332
688 174
296 111
297 178
190 134
324 391
99 153
138 339
628 320
112 135
455 32
603 202
684 269
135 328
108 295
472 123
691 190
608 122
636 266
493 118
577 182
270 347
622 316
278 172
82 283
528 183
512 151
217 360
236 139
678 126
83 109
356 119
218 173
273 319
582 49
469 376
300 7
632 285
331 162
642 343
537 100
177 317
77 181
110 253
697 381
125 321
580 143
447 261
75 50
500 326
615 364
346 252
291 121
35 286
201 172
289 301
167 186
545 97
595 136
352 191
446 227
93 69
356 161
312 188
658 82
41 204
351 87
55 271
483 25
545 378
516 190
355 271
615 147
528 184
383 145
120 363
185 46
300 173
266 390
471 162
134 66
29 363
472 103
33 185
336 307
66 343
440 75
130 307
428 75
448 241
28 351
159 234
59 395
414 242
304 270
385 374
221 291
61 70
433 161
357 171
151 48
111 216
10 398
27 135
559 51
660 84
484 63
662 96
695 27
302 335
213 56
21 342
241 234
465 287
141 28
44 84
540 313
129 228
414 248
269 312
620 98
320 328
694 300
338 315
594 375
389 111
695 17
469 258
353 209
540 234
120 329
18 7
333 261
382 118
659 324
17 268
452 375
543 42
668 100
142 338
140 318
77 383
549 85
447 42
162 123
590 178
118 111
226 344
425 287
550 123
374 192
254 114
462 283
463 144
417 11
414 186
384 371
639 215
61 206
407 390
453 19
677 190
413 277
341 35
269 226
174 382
420 180
205 232
245 359
200 355
658 346
73 205
151 387
52 22
54 293
611 128
585 179
108 142
592 49
457 336
517 202
480 86
264 282
469 284
491 32
432 349
462 136
390 71
249 161
522 19
568 370
261 253
398 326
234 156
605 12
223 237
291 178
541 228
439 4
335 310
637 266
386 199
129 119
260 133
654 274
174 375
167 77
381 191
575 22
511 207
577 164
580 152
252 157
246 301
251 266