2024
23 42 49
43 49 24
23 46 43
25 40 34
31 46 48
27 42 43
31 46 43
33 19 17
31 31 28
35 49 23
41 31 38
33 32 21
39 20 26
16 21 26
40 29 21
25 26 44
45 23 38
23 30 41
30 18 43
35 24 35
42 39 27
35 27 27
13 13 23
34 24 38
43 34 37
34 35 21
30 24 45
25 40 23
6 22 26
44 37 41
26 26 18
27 44 41
9 43 40
41 32 43
38 30 11
12 15 6
9 27 23
49 39 44
7 39 45
15 43 43
31 19 48
37 15 30
21 41 45
31 12 37
40 28 19
27 28 13
23 39 26
37 23 22
16 24 17
20 21 4
29 8 34
43 17 47
17 49 46
4 38 40
19 36 30
39 32 31
10 11 20
46 36 45
34 20 28
5 11 11
23 42 31
12 27 18
40 38 41
7 42 41
10 7 5
28 8 33
35 39 21
34 41 47
44 48 30
50 38 18
19 13 13
47 18 38
32 32 13
26 41 46
21 17 7
32 17 37
43 30 21
26 34 32
7 17 18
33 47 20
10 17 9
34 39 32
43 35 17
41 49 14
6 40 38
22 22 18
27 37 48
42 21 28
15 7 21
3 11 10
20 29 44
12 35 38
31 20 37
43 32 19
46 48 7
46 42 24
38 43 12
3 12 13
41 19 32
31 8 30
43 20 34
48 10 44
49 19 35
14 40 43
35 18 36
32 31 23
40 21 48
30 25 25
35 27 21
46 35 42
41 15 29
46 41 9
18 31 46
50 43 32
35 46 27
33 25 23
13 26 30
19 21 30
32 16 33
28 14 37
37 21 45
36 19 38
45 14 35
41 41 22
27 49 39
40 34 42
14 16 4
14 23 20
32 37 28
8 29 24
10 8 17
25 43 27
43 50 11
26 37 20
5 42 38
42 10 35
48 27 30
43 44 3
13 21 25
42 39 9
33 25 39
36 34 41
47 31 29
36 30 44
42 19 40
22 33 22
17 35 20
41 21 49
33 14 45
43 50 29
6 23 24
6 36 38
38 45 14
31 7 26
31 42 43
30 16 19
32 38 10
49 45 22
45 20 38
44 36 36
45 26 50
29 29 39
22 34 16
23 32 15
21 26 10
48 39 23
36 41 44
16 28 28
35 16 37
31 6 26
25 21 35
28 41 41
39 21 42
50 33 36
15 34 28
40 26 44
32 35 14
15 24 22
33 21 13
6 50 47
38 47 16
48 31 19
40 47 8
29 31 34
22 35 24
15 39 44
40 46 25
32 18 49
14 18 13
21 17 24
10 37 44
12 48 45
21 26 17
27 16 15
35 48 29
33 29 31
48 8 49
17 17 14
7 21 23
20 43 24
37 32 17
22 37 38
14 42 41
35 41 18
33 35 50
34 10 26
46 41 6
37 33 34
46 44 17
36 23 24
38 40 34
12 47 46
17 19 19
38 13 44
11 27 29
14 24 18
27 20 15
25 9 18
42 19 29
21 47 41
14 27 22
24 12 20
17 43 33
16 26 13
43 30 39
7 33 39
29 35 47
13 27 16
25 44 38
34 47 32
36 15 36
44 36 45
40 33 9
44 20 46
26 23 21
12 17 22
27 47 26
33 44 25
30 29 46
22 26 26
15 36 43
41 28 14
22 37 22
6 16 11
24 42 48
39 18 36
8 20 25
40 17 45
10 11 5
37 6 39
49 12 43
29 9 23
25 26 35
23 18 39
47 32 43
33 40 11
37 47 22
42 8 37
48 13 50
33 37 21
37 39 3
49 38 20
17 16 17
28 5 28
21 20 36
6 29 26
38 20 26
17 3 16
39 47 44
36 19 23
28 26 18
35 44 31
5 8 8
30 10 25
41 27 42
29 38 29
11 39 38
21 31 45
23 9 26
23 16 20
14 19 29
34 30 34
48 4 46
21 36 27
40 9 48
38 9 37
43 24 32
49 25 36
17 30 25
23 43 40
24 41 32
22 30 43
37 42 37
49 31 19
36 41 7
34 32 37
39 11 33
25 43 34
12 26 33
50 33 30
11 43 34
40 17 25
36 18 50
50 32 25
38 47 30
38 22 22
38 42 46
31 47 30
38 26 50
33 25 13
50 7 47
34 12 38
5 4 2
31 25 50
47 42 32
19 14 23
15 37 44
18 22 39
29 22 29
19 49 47
19 48 41
35 22 21
26 18 14
39 33 9
29 21 28
43 25 36
15 23 37
12 17 23
3 46 47
38 29 18
33 39 24
27 38 18
39 26 39
23 24 15
12 26 15
36 18 49
30 48 38
43 48 18
17 5 13
48 3 46
30 34 36
49 34 26
44 31 40
23 28 49
48 50 7
30 23 23
27 20 11
41 24 24
46 16 46
32 38 23
29 21 44
46 40 38
29 21 24
46 13 42
42 39 25
21 42 36
45 48 34
27 41 24
29 31 33
34 37 20
37 32 26
22 30 13
37 4 36
37 41 25
11 39 38
46 18 38
19 47 33
36 37 33
20 44 36
11 32 39
37 20 46
16 45 40
40 35 33
16 14 18
16 7 14
24 17 27
45 31 22
30 28 9
23 6 26
17 33 39
43 38 43
14 48 40
36 25 31
44 36 15
24 13 23
35 45 13
47 44 33
36 38 45
20 23 29
18 36 44
49 23 32
36 25 50
37 32 11
37 12 44
6 8 8
39 22 45
24 32 40
22 13 10
48 47 7
39 23 44
26 18 40
13 31 19
36 50 31
32 35 45
21 23 15
37 13 42
36 14 43
41 48 34
18 28 20
48 37 14
32 20 47
24 42 22
45 35 27
42 34 11
30 21 47
46 44 30
21 29 29
44 41 23
21 17 19
39 18 41
35 4 36
35 4 33
34 5 30
37 14 37
30 31 41
20 41 50
28 22 21
32 49 41
23 27 48
13 29 40
10 31 39
20 23 39
22 34 25
37 29 28
49 31 35
38 14 49
41 37 25
37 34 19
25 24 29
37 28 18
27 3 29
12 46 38
45 16 40
35 44 30
17 35 45
25 21 6
14 24 37
38 27 12
30 40 45
30 14 35
32 23 27
44 50 46
20 36 30
27 15 35
7 21 27
34 36 47
5 38 34
20 16 12
50 26 29
37 26 31
44 31 15
36 46 33
38 47 39
38 43 13
30 19 47
28 11 25
39 12 42
22 18 35
40 37 34
42 31 20
12 14 17
49 20 48
39 32 45
29 35 34
32 32 14
30 35 43
2 50 50
49 20 48
2 49 50
36 33 26
46 47 27
41 25 45
22 9 20
18 18 5
37 7 43
19 33 44
37 44 39
30 34 22
45 15 40
29 15 19
20 46 28
5 27 27
8 13 10
22 29 18
28 25 47
47 36 35
25 28 20
16 27 29
46 40 46
47 45 45
46 22 32
47 46 41
30 18 45
34 8 31
37 47 48
40 41 21
37 18 35
31 43 13
39 36 49
31 38 12
44 34 47
29 37 25
50 12 45
14 10 21
21 49 33
35 40 26
15 27 16
4 26 28
15 36 40
45 50 17
40 28 45
50 45 44
26 47 24
27 20 19
46 49 41
41 40 48
33 48 27
9 41 37
39 13 46
37 17 29
40 30 50
32 39 9
34 35 32
40 38 11
40 30 11
45 23 45
21 29 26
37 24 49
41 9 46
47 14 46
25 17 30
37 42 28
13 18 28
38 15 29
39 13 49
27 12 33
31 28 19
14 22 27
32 16 27
18 24 41
25 44 23
43 42 48
6 42 47
33 19 41
31 14 40
23 34 24
28 36 29
19 2 19
15 18 25
39 40 29
43 43 46
16 32 33
33 49 45
48 32 34
31 41 27
35 32 43
42 18 44
18 10 17
25 22 44
26 45 41
40 42 18
47 24 38
33 16 38
49 49 47
22 35 21
39 22 22
16 17 26
47 46 43
32 29 19
12 8 16
7 38 44
21 36 47
48 31 50
19 19 2
5 43 46
29 47 41
34 26 21
31 25 9
2 8 9
29 36 47
43 32 43
34 19 50
26 42 46
27 35 16
5 22 21
23 35 25
23 34 24
33 16 43
26 28 49
19 16 12
40 49 32
47 29 38
48 45 42
34 44 37
47 35 29
46 44 26
24 49 34
32 36 13
33 24 17
24 36 13
48 50 42
41 37 18
47 41 24
14 19 15
44 33 24
10 33 25
39 30 13
31 44 33
36 46 31
23 28 44
20 42 41
22 48 31
23 28 9
24 22 22
47 48 35
21 40 45
44 27 39
6 39 34
15 44 36
27 39 38
36 29 14
28 27 34
47 42 37
34 39 17
23 26 23
25 9 28
45 12 43
27 34 38
48 21 42
37 28 37
44 42 34
30 42 36
37 43 7
12 32 40
26 24 49
48 35 23
5 4 8
31 44 17
23 44 46
43 47 17
18 14 15
20 45 42
45 34 37
34 11 44
14 32 35
24 26 43
48 25 49
46 16 46
12 8 13
26 27 19
13 12 22
4 4 6
22 38 23
23 6 18
49 50 17
18 21 15
18 30 26
37 36 12
19 33 35
38 43 45
16 23 27
19 19 2
25 38 40
20 42 29
15 14 19
31 42 23
30 43 43
16 46 44
16 35 41
4 42 39
48 12 41
21 18 33
42 22 40
38 35 22
46 47 32
41 46 7
37 34 37
21 46 42
19 28 21
28 23 8
31 20 44
35 35 44
20 8 25
48 41 41
36 15 31
47 34 32
23 22 35
15 43 37
16 15 4
17 38 22
25 25 1
29 8 26
39 36 33
22 17 34
24 31 29
50 11 42
27 41 35
18 48 40
34 36 41
11 19 20
37 18 45
38 37 43
43 43 42
22 18 34
49 17 41
23 41 43
23 33 47
21 26 32
27 22 25
31 21 44
14 23 20
40 42 3
30 43 22
38 20 42
26 43 18
32 47 48
47 37 48
35 38 13
46 43 20
48 45 23
25 22 31
35 36 44
41 50 15
31 44 37
38 15 28
50 36 26
26 22 44
45 24 40
17 31 45
27 17 40
27 15 19
22 25 13
49 47 3
38 29 21
28 39 22
45 10 41
46 28 39
19 29 38
49 12 49
31 50 40
38 43 15
27 15 32
47 45 45
25 48 42
36 1 36
48 37 19
12 49 47
33 29 28
46 36 46
15 35 40
41 31 27
21 13 23
9 49 43
39 48 35
20 39 31
12 40 49
15 42 40
11 40 43
36 46 18
13 29 18
34 21 23
20 49 36
24 8 23
28 42 16
9 25 33
45 7 50
43 16 29
37 45 24
44 38 30
12 34 29
34 6 30
10 47 42
37 12 30
33 32 11
29 7 25
7 15 12
38 49 42
39 25 32
12 27 16
32 9 29
38 45 47
28 19 44
18 34 38
37 12 33
43 20 43
17 14 6
50 45 41
26 11 24
10 25 31
32 31 18
41 47 45
34 32 10
19 47 37
24 28 30
17 26 32
17 30 38
20 27 15
21 46 32
15 48 49
39 48 37
33 41 48
45 46 2
18 45 40
40 41 22
38 40 3
36 33 39
15 19 25
17 14 30
49 40 38
9 18 15
40 24 24
21 10 21
45 24 30
8 9 16
30 24 15
22 13 28
34 30 31
46 43 48
20 41 46
13 30 33
38 8 35
38 8 45
35 6 35
31 46 50
46 13 50
34 27 9
38 36 36
34 22 33
37 9 39
16 27 37
20 25 32
28 49 28
50 26 46
24 49 27
11 10 6
27 34 10
35 6 31
33 22 42
29 18 14
24 26 15
32 11 36
20 13 15
30 24 41
21 18 14
27 41 21
13 36 27
18 20 3
32 44 37
30 32 4
38 50 30
32 34 21
23 45 41
21 45 38
29 12 38
40 26 41
30 19 27
41 31 20
43 37 27
25 45 23
43 35 33
8 43 44
33 22 39
31 40 48
48 17 46
44 7 41
28 48 37
20 13 23
32 27 13
29 36 23
46 34 17
29 40 16
25 29 43
39 31 17
45 11 36
33 29 5
45 36 40
27 19 14
34 21 35
29 47 48
23 19 25
46 46 19
46 35 35
44 47 14
44 34 44
39 33 34
35 19 41
13 5 15
36 38 34
7 43 44
21 40 50
30 45 26
19 4 22
23 2 23
25 38 32
50 41 23
7 11 5
29 37 32
32 35 26
35 19 39
27 28 35
35 17 47
24 36 26
20 5 23
33 38 7
15 38 36
26 47 38
16 9 10
39 22 40
20 34 31
16 44 33
14 24 37
22 6 25
43 50 24
31 35 37
30 25 40
13 11 13
48 38 27
43 28 20
31 46 23
25 40 43
34 27 39
30 31 43
44 15 31
23 39 30
17 14 11
45 14 41
14 32 19
10 11 13
42 34 45
35 43 14
19 32 41
47 42 36
50 41 28
28 32 24
3 30 28
40 20 37
39 23 28
23 11 16
28 22 43
43 13 46
46 23 50
8 23 16
41 10 44
38 16 45
26 48 26
30 23 15
30 45 35
36 50 27
33 27 14
30 41 30
35 36 13
24 10 31
7 22 25
48 41 10
43 34 40
12 19 19
25 38 42
10 36 42
10 23 20
48 42 35
17 32 39
36 4 38
45 40 40
12 39 31
14 13 3
50 7 44
30 24 40
23 43 38
35 42 13
30 33 36
40 34 15
25 18 35
17 48 33
45 28 22
6 41 46
33 8 26
26 49 25
35 40 29
35 32 47
47 26 27
9 25 23
42 49 25
28 49 42
25 38 15
32 44 24
32 10 36
47 14 38
44 40 8
31 35 28
46 35 23
17 29 28
18 35 44
50 50 27
24 27 29
35 40 26
50 36 19
32 27 46
4 33 35
48 19 40
50 20 39
7 43 45
28 25 8
32 45 20
39 46 10
11 24 28
42 34 50
38 9 38
44 30 37
16 43 47
12 9 10
39 33 36
36 37 38
14 36 36
40 42 19
36 33 34
40 37 34
50 36 16
21 33 17
49 29 48
36 25 45
10 33 32
31 41 16
15 44 33
23 45 40
38 30 23
46 40 44
19 45 44
39 15 32
27 22 39
28 35 25
21 33 19
44 43 9
32 18 36
31 39 18
44 23 48
28 34 35
41 37 16
25 45 27
24 14 23
37 24 27
22 44 25
14 40 35
31 28 34
29 22 12
16 5 19
42 27 38
42 36 27
9 10 16
10 42 33
38 39 44
33 35 37
33 20 14
28 33 9
32 9 30
24 24 13
3 36 34
9 8 10
30 18 21
9 43 39
46 42 21
48 45 47
25 25 11
29 20 45
44 33 16
34 26 33
44 38 36
32 6 27
24 45 41
38 34 39
49 23 34
35 15 43
26 22 19
35 35 37
41 39 29
33 43 14
20 21 28
43 42 29
49 33 33
12 6 7
32 47 43
42 7 48
29 31 37
46 16 49
32 17 31
32 31 10
11 10 9
3 26 28
29 43 50
29 50 32
20 36 42
28 31 24
50 48 11
27 7 32
6 36 39
28 36 37
21 39 35
42 44 8
36 31 30
40 40 43
8 36 42
27 6 22
11 50 43
24 26 35
28 31 43
23 37 24
47 50 41
31 43 28
16 23 11
20 31 34
17 34 50
27 28 28
23 32 25
27 12 30
31 22 40
41 10 42
35 37 37
17 14 18
37 14 31
26 49 47
24 24 12
50 41 34
41 42 49
36 11 29
32 42 17
30 32 39
26 33 28
31 48 36
20 19 36
29 42 36
14 40 32
45 10 49
36 39 41
8 33 34
47 48 11
15 27 35
17 31 15
40 29 36
7 7 1
44 20 29
41 34 23
19 39 32
21 32 38
22 22 36
48 34 41
13 20 30
23 26 14
6 43 41
49 30 47
14 36 33
41 32 31
16 15 4
5 23 19
35 26 10
23 31 23
40 33 33
48 48 45
34 36 46
4 17 19
47 23 41
13 8 10
38 41 26
46 37 27
13 40 49
31 25 13
42 24 20
16 18 11
37 39 14
24 40 24
38 50 42
44 35 31
39 27 35
23 14 18
37 32 21
44 22 45
18 50 49
12 33 38
41 36 47
29 35 48
18 45 30
37 39 48
44 27 34
17 21 7
41 31 20
20 16 27
36 30 24
44 25 39
31 11 34
42 29 31
14 19 29
47 44 19
20 27 34
21 28 11
3 49 48
44 39 32
29 27 31
17 17 9
21 29 16
23 11 19
34 27 34
23 27 45
46 42 12
14 28 37
27 27 43
22 37 49
46 15 37
20 17 17
21 30 40
30 18 37
15 6 18
39 47 18
11 11 9
13 42 47
40 50 12
37 33 24
50 21 48
27 26 25
17 32 36
44 50 49
34 44 35
46 39 45
32 31 12
29 7 34
28 27 26
23 21 28
7 44 39
49 38 20
42 26 40
47 34 17
15 36 25
19 31 47
36 35 21
11 44 42
40 39 31
25 25 35
37 28 12
40 48 21
7 44 48
19 47 45
50 23 29
31 35 17
29 34 7
26 19 32
28 21 18
9 9 16
28 33 41
15 7 21
37 34 31
20 26 28
14 37 37
28 22 10
29 48 30
11 20 29
35 18 19
28 18 19
17 30 20
39 48 22
36 10 39
23 27 20
18 36 42
34 41 47
46 46 28
41 30 49
26 21 9
14 17 26
42 30 45
9 22 25
27 28 12
21 31 44
22 23 30
47 36 17
24 30 8
21 16 30
21 41 49
35 50 45
28 26 45
30 42 31
33 27 34
37 42 50
40 26 39
42 38 29
42 44 16
12 18 18
15 30 24
23 31 42
17 35 41
7 30 35
28 29 29
30 20 43
42 37 14
32 39 39
21 34 19
45 24 27
28 33 23
9 23 18
33 31 35
27 30 4
14 6 19
41 37 5
13 17 17
29 21 34
15 14 10
29 46 27
20 38 19
47 21 43
50 31 26
18 24 23
45 30 18
46 28 30
8 41 36
37 43 40
35 42 17
20 25 35
37 22 45
35 49 21
30 33 27
35 24 45
48 18 32
32 31 32
30 42 44
40 22 50
39 39 34
30 21 44
14 23 21
23 32 27
15 46 39
19 20 34
17 33 46
24 36 22
44 44 32
16 50 43
29 28 5
29 36 10
47 22 39
40 50 29
36 47 36
39 23 29
16 12 12
34 28 31
13 41 31
28 25 38
26 36 19
45 38 47
31 29 27
35 34 7
29 28 29
37 39 41
40 30 21
14 15 4
27 10 29
18 17 12
30 23 27
41 2 40
33 35 3
41 14 48
8 28 25
31 42 32
46 47 32
38 50 41
33 34 8
20 24 38
23 33 23
38 8 45
24 25 32
33 45 32
33 38 25
44 39 47
14 12 12
25 44 49
46 26 49
25 26 29
23 35 47
48 8 48
46 36 38
21 34 46
46 37 18
13 33 43
24 42 47
32 3 33
26 43 47
3 18 19
32 16 35
24 3 23
47 43 50
45 43 30
33 38 7
7 44 39
39 42 18
15 15 7
48 43 35
22 36 46
40 42 8
28 30 3
47 33 21
32 14 20
29 23 13
28 30 5
41 40 28
31 21 32
24 13 33
39 17 50
32 28 34
9 7 11
39 15 31
29 29 34
42 36 44
45 34 33
42 44 39
31 29 42
28 32 33
27 32 10
50 23 33
31 12 37
12 36 37
45 38 15
18 25 29
38 41 50
19 30 27
21 33 49
29 44 30
6 32 31
34 41 14
30 45 49
25 41 37
32 36 36
50 15 38
41 45 19
46 29 22
9 41 42
44 50 23
15 23 13
30 21 12
16 28 16
47 20 36
49 34 49
47 13 42
14 20 7
24 22 31
43 45 5
48 26 24
46 33 22
31 49 44
30 46 45
4 40 39
29 12 36
46 34 38
33 32 28
20 14 19
40 20 24
26 24 33
41 34 42
29 50 24
18 37 50
20 9 22
42 25 18
49 14 44
28 21 17
43 30 14
22 21 25
50 39 41
20 29 34
17 31 22
39 7 45
18 25 35
10 19 24
21 31 12
26 23 17
45 47 30
42 43 20
41 33 31
45 27 46
34 34 32
23 37 34
47 29 48
4 35 34
15 40 26
38 37 47
17 7 12
33 16 23
40 11 35
47 27 35
18 11 26
21 23 42
18 15 28
14 13 24
45 43 31
42 26 34
35 28 12
22 25 41
20 39 23
33 7 37
29 47 35
23 40 29
39 21 35
31 28 5
18 47 43
31 34 14
43 12 49
36 35 15
45 32 31
23 15 9
17 42 43
48 41 10
33 42 37
46 37 10
46 41 36
15 2 14
28 22 31
37 24 17
47 39 43
39 47 27
40 8 44
4 15 12
29 28 23
16 30 32
46 38 22
16 38 28
37 24 26
25 42 28
15 9 15
36 42 49
23 27 9
19 9 21
10 25 30
19 11 25
44 44 44
39 46 17
32 45 28
46 38 34
42 36 31
30 9 37
42 24 50
32 19 25
24 26 27
30 32 9
24 27 47
34 29 49
44 24 40
43 33 41
48 43 7
10 7 8
31 41 47
48 47 24
42 39 47
50 46 13
38 49 18
43 7 43
11 42 49
19 17 30
30 45 22
6 40 38
35 24 38
38 31 42
46 27 43
5 14 10
33 32 43
33 46 48
49 38 41
13 6 18
47 41 31
16 33 38
11 17 14
31 31 13
37 15 45
32 35 17
46 14 44
27 34 8
33 43 45
24 43 37
45 19 35
22 26 25
18 35 44
29 47 37
35 19 26
3 47 48
14 11 20
10 31 31
26 37 44
30 31 4
32 13 29
42 48 41
6 35 35
25 42 35
6 17 15
46 18 46
17 19 22
48 43 46
31 30 26
31 32 35
19 27 21
13 17 11
47 18 50
32 29 27
32 4 29
50 37 29
33 15 33
8 41 38
18 14 22
39 34 24
15 15 8
39 6 43
9 6 4
46 25 24
47 33 50
33 27 50
36 35 27
42 33 25
41 38 16
35 21 25
17 9 14
10 42 44
4 39 36
17 14 26
28 44 17
31 32 14
15 35 47
49 23 46
30 49 31
38 39 27
32 13 41
48 28 47
29 43 32
21 31 49
43 32 13
28 9 28
38 7 33
16 41 36
38 41 28
36 39 16
30 26 16
25 30 45
35 18 32
41 24 21
16 21 15
35 8 36
44 50 7
27 49 36
39 32 44
49 41 47
39 27 23
47 43 34
18 31 26
34 30 12
47 11 46
23 17 28
32 32 16
25 22 24
20 14 30
16 25 28
23 31 17
38 43 25
27 38 26
14 38 44
12 36 43
7 35 33
37 37 6
30 35 24
12 30 33
3 13 12
8 31 29
20 12 21
24 43 20
21 35 18
23 20 35
22 26 45
35 45 44
26 11 16
28 15 17
45 30 35
20 26 45
20 16 30
30 28 19
19 48 45
28 46 20
47 46 41
23 48 30
39 28 45
48 47 13
36 48 40
34 25 42
14 19 26
10 21 21
43 30 21
16 47 33
21 20 30
47 28 21
27 3 29
45 48 14
3 26 28
48 39 18
9 18 13
19 46 47
29 46 49
27 42 33
36 42 46
48 50 36
24 26 35
11 42 33
22 42 24
8 18 19
23 14 35
20 24 43
47 17 39
23 27 32
25 23 46
19 32 18
31 9 31
44 43 22
31 42 19
48 47 42
16 43 49
34 8 28
33 36 11
19 34 44
18 46 42
29 22 11
19 31 14
41 22 21
33 24 47
31 20 28
34 50 47
34 24 14
28 12 34
37 49 19
42 35 35
29 40 17
47 42 15
15 48 40
7 26 24
31 44 39
41 13 32
42 44 36
20 21 9
31 16 20
39 46 11
32 4 34
39 40 44
32 39 17
17 26 35
25 46 25
31 23 40
42 39 19
17 5 19
19 33 36
39 37 19
26 36 45
24 27 9
27 17 16
19 30 41
47 35 28
46 44 20
46 46 3
43 38 43
44 19 49
37 24 36
41 35 21
18 37 41
28 10 32
26 3 24
35 45 19
23 45 27
48 45 31
17 21 35
22 42 48
30 35 22
41 39 37
19 30 47
42 39 47
41 46 16
20 18 6
36 38 17
10 50 41
14 40 29
8 23 22
21 30 25
43 38 25
37 35 50
50 39 33
39 29 24
50 38 35
50 30 23
24 25 20
37 39 43
44 33 41
36 21 28
14 7 18
47 43 31
34 25 28
20 30 39
22 31 31
49 48 24
32 45 43
41 28 44
14 26 30
12 19 9
35 30 32
15 20 34
11 18 16
38 45 14
41 26 39
36 35 42
37 40 34
50 46 46
19 11 11
14 41 35
26 34 27
36 12 28
7 8 7
29 14 20
5 5 3
42 19 24
32 44 41
50 26 38
36 41 23
17 6 21
31 28 5
8 17 13
34 42 11
49 34 41
48 43 9
24 23 45
35 48 40
47 49 34
27 41 42
42 34 30
18 8 12
19 15 33
22 38 30
13 18 26
40 28 25
30 29 39
12 11 20
37 35 39
13 31 27
43 45 30
30 24 14
22 37 29
5 40 44
27 15 39
33 13 21
6 33 38
16 17 5
38 29 50
45 45 34
6 7 8
26 45 26
40 30 42
30 34 29
47 47 31
22 18 6
46 12 35
26 34 37
22 30 40
22 19 11
27 16 40
14 14 16
10 48 39
49 42 39
48 28 21
36 38 43
32 5 36
14 20 7
17 13 28
24 25 44
23 48 34
42 29 17
8 44 45
50 19 38
30 44 16
42 21 35
34 17 23
36 25 20
43 36 49
4 31 31
29 19 21
31 27 13
43 34 13
31 40 21
19 5 20
25 33 13
10 43 40
33 6 31
46 17 39
36 18 38
41 45 15
34 17 41
26 29 22
16 25 23
38 25 17
33 32 9
12 36 42
32 24 13
10 16 14
40 25 34
37 34 48
33 30 17
17 46 36
6 10 15
46 33 50
48 40 39
26 35 44
8 34 27
14 32 40
7 15 13
8 6 4
36 37 7
23 22 41
27 38 50
22 40 47
44 18 50
41 44 48
44 45 41
46 48 41
35 32 16
35 17 26
38 18 29
13 23 28
7 29 23
45 22 36
38 30 29
33 21 25
43 44 17
19 47 37
49 48 36
30 18 20
50 37 46
26 8 28
48 43 19
16 34 38
29 20 31
50 15 47
10 16 9
36 13 29
19 26 25
32 26 13
27 15 36
21 21 15
8 12 7
45 11 41
48 44 33
16 20 32
29 34 33
17 23 35
34 28 35
21 27 37
47 2 47
7 34 34
24 12 28
11 30 20
36 42 31
38 27 40
46 43 41
42 19 43
19 26 26
35 35 17
33 43 42
32 38 16
34 40 42
42 46 24
20 34 35
16 13 15
25 20 13
42 17 46
5 27 25
49 31 48
10 49 40
40 16 45
46 48 41
23 22 35
17 50 41
38 22 19
26 34 27
20 19 10
22 33 43
33 30 30
31 29 7
35 36 23
19 15 16
31 17 43
40 31 48
33 24 39
35 29 38
36 50 21
49 48 17
25 44 38
14 29 17
39 16 45
14 35 43
44 35 16
31 42 26
38 29 33
14 37 24
29 23 11
33 15 32
31 28 20
14 32 45
10 36 42
8 41 40
48 39 13
22 14 20
42 29 18
42 40 11
44 19 40
35 14 40
34 25 49
24 45 29
28 21 42
25 41 38
15 29 41
24 47 38
43 38 30
29 48 43
19 19 36
19 20 4
30 26 35
